11:15|7|69|1014.0
12:44|10|45|1016.0
13:45|12|45|1016.0
14:45|13|45|1016.0
15:47|14|45|1016.01
16:5|15|49|1016.0
17:5|16|49|1016.0
18:6|10|49|1016.0
21:6|10|49|1016.0
21:8|10|49|1016.0
21:8|10|49|1016.0
21:11|10|49|1016.0
21:21|10|49|1016.0
21:22|10|49|1016.0
21:24|10|49|1016.0
21:25|10|49|1016.0
21:27|10|49|1016.0
21:27|10|49|1016.0
21:28|10|49|1016.0
21:28|10|49|1016.0
21:29|10|49|1016.0
21:29|10|49|1016.0
21:31|10|49|1016.0
21:31|10|49|1016.0
21:37|10|49|1016.0
12:11|13|61|1014.0
12:14|13|61|1014.0
12:16|13|61|1014.0
12:16|13|61|1014.0
12:17|13|61|1014.0
12:22|13|61|1014.0
12:37|13|61|1014.0
13:3|14|58|1014.0
13:4|14|58|1014.0
13:5|14|58|1014.0
13:5|14|58|1014.0
13:5|14|58|1014.0
13:5|14|58|1014.0
13:6|14|58|1014.0
13:9|14|58|1014.0
13:10|14|58|1014.0
13:10|14|58|1014.0
13:11|14|58|1014.0
13:12|14|58|1014.0
13:15|14|58|1014.0
13:16|14|58|1014.0
13:16|14|58|1014.0
13:18|14|58|1014.0
